452118
452146
452171
452174
452117
452163
452118
452121
452138
452134
452131
452161
452137
452162
452110
452117
452131
452128
452144
452142
452148
452130
452117
452128
452127
452110
452158
452147
452101
452139
452143
452128
452165
452123
452153
452140
452170
452159
452139
452141
452124
452113
452127
452119
452139
452136
452122
452132
452111
452140
452142
452123
452117
452140
452162
452127
452117
452143
452140
452140
452138
452123
452139
452109
452135
452100
452116
452136
452138
452147
452162
452120
452090
452145
452162
452136
452143
452152
452147
452123
452115
452116
452136
452134
452138
452131
452148
452139
452145
452155
452143
452110
452119
452132
452144
452138
452130
452147
452125
452116
452148
452188
452143
452133
452117
452110
452142
452123
452111
452143
452101
452146
452104
452134
452128
452141
452118
452145
452138
452131
452126
452085
452120
452136
452120
452131
452138
452149
452122
452109
452138
452121
452155
452124
452140
452155
452135
452139
452128
452135
452135
452138
452127
452124
452102
452147
452144
452131
452115
452134
452116
452101
452103
452132
452118
452128
452103
452123
452107
452125
452124
452120
452119
452143
452117
452137
452110
452153
452125
452127
452123
452115
452132
452125
452171
452151
452095
452103
452124
452130
452137
452132
452134
452094
452114
452096
452140
452123
452117
452093
452125
452151
452115
452097
452106
452112
452155
452092
452134
452124
452161
452128
452116
452115
452120
452106
452128
452108
452129
452127
452130
452122
452105
452132
452140
452118
452117
452118
452097
452126
452126
452135
452133
452099
452126
452113
452113
452125
452140
452113
452145
452106
452118
452097
452130
452106
452087
452120
452112
452112
452108
452103
452098
452105
452115
452129
452090
452110
452127
452089
452106
452118
452114
452090
452130
452114
452139
452108
452122
452107
452123
452142
452121
452101
452111
452132
452097
452095
452112
452095
452091
452113
452108
452104
452121
452099
452126
452155
452095
452109
452126
452110
452078
452090
452101
452126
452122
452132
452126
452131
452102
452128
452112
452118
452105
452128
452100
452123
452110
452080
452125
452106
452111
452068
452114
452109
452114
452124
452132
452095
452099
452097
452078
452118
452090
452156
452119
452103
452131
452116
452112
452082
452101
452107
452157
452119
452104
452093
452127
452088
452133
452090
452099
452111
452104
452100
452121
452094
452107
452081
452122
452081
452089
452107
452095
452097
452070
452099
452094
452119
452123
452106
452101
452086
452095
452107
452119
452083
452112
452094
452098
452119
452091
452074
452095
452112
452110
452117
452108
452079
452109
452094
452107
452104
452111
452125
452097
452114
452100
452113
452097
452096
452096
452129
452100
452110
452095
452103
452089
452141
452122
452091
452119
452125
452085
452113
452118
452098
452106
452086
452137
452132
452086
452105
452094
452089
452083
452083
452091
452099
452138
452077
452115
452104
452100
452099
452094
452116
452090
452106
452102
452086
452096
452060
452095
452111
452119
452079
452106
452120
452075
452114
452116
452107
452082
452101
452116
452103
452088
452081
452112
452057
452074
452068
452099
452086
452110
452115
452071
452091
452090
452079
452098
452119
452068
452103
452137
452109
452084
452062
452101
452092
452113
452085
452117
452124
452053
452116
452090
452105
452093
452056
452073
452065
452087
452098
452120
452098
452089
452071
452078
452091
452112
452063
452109
452077
452098
452076
452121
452094
452094
452068
452103
452096
452084
452081
452091
452086
452091
452078
452078
452085
452079
452074
452105
452079
452092
452091
452079
452091
452098
452085
452086
452086
452055
452075
452077
452073
452076
452093
452105
452086
452082
452059
452109
452097
452069
452084
452083
452088
452088
452070
452087
452085
452045
452089
452085
452084
452085
452108
452077
452097
452045
452076
452130
452100
452073
452078
452087
452064
452097
452101
452055
452125
452102
452080
452047
452071
452066
452064
452076
452090
452072
452061
452086
452099
452054
452069
452052
452068
452081
452063
452056
452071
452056
452097
452040
452094
452063
452106
452085
452064
452080
452085
452084
452081
452084
452082
452091
452038
452055
452078
452074
452079
452068
452068
452058
452081
452061
452079
452099
452088
452112
452073
452092
452062
452088
452084
452076
452076
452086
452088
452115
452124
452075
452082
452054
452076
452047
452081
452048
452062
452088
452065
452088
452093
452066
452087
452076
452073
452106
452084
452085
452069
452055
452092
452069
452098
452071
452070
452059
452050
452067
452056
452039
452073
452047
452084
452089
452053
452081
452053
452083
452066
452072
452096
452068
452078
452081
452087
452055
452090
452070
452093
452034
452037
452077
452057
452049
452058
452083
452087
452093
452082
452053
452065
452084
452078
452055
452084
452062
452086
452077
452039
452051
452094
452077
452054
452099
452068
452061
452061
452066
452093
452059
452109
452051
452063
452053
452050
452066
452078
452048
452069
452075
452079
452072
452064
452097
452094
452041
452074
452038
452046
452066
452052
452068
452065
452057
452072
452009
452065
452071
452070
452059
452076
452072
452047
452070
452063
452059
452070
452054
452065
452075
452041
452068
452064
452084
452043
452022
452092
452072
452057
452056
452059
452043
452051
452089
452108
452068
452035
452067
452043
452064
452073
452069
452081
452091
452097
452094
452061
452071
452046
452080
452066
452069
452047
452054
452074
452050
452063
452050
452080
452078
452069
452033
452050
452066
452075
452088
452059
452053
452067
452051
452051
452104
452062
452073
452035
452046
452044
452087
452050
452079
452054
452053
452049
452032
452038
452066
452064
452082
452081
452061
452070
452037
452055
452074
452086
452061
452053
452068
452055
452067
452067
452056
452074
452057
452035
452064
452080
452038
452047
452048
452042
452069
452061
452076
452062
452059
452089
452022
452047
452050
452057
452059
452047
452047
452077
452072
452053
452036
452071
452069
452063
452067
452047
452069
452064
452054
452055
452069
452056
452030
452023
452050
452060
452068
452040
452027
452053
452030
452064
452053
452067
452049
452055
452070
452038
452051
452060
452062
452006
452002
452038
452038
452056
452045
452067
452040
452043
452069
452036
452065
452071
452062
452042
452042
452057
452065
452019
452049
452045
452048
452061
452034
452043
452052
452040
452056
452045
452038
452057
452040
452054
452040
452052
452022
452044
452051
452045
452097
452037
452051
452052
452049
452046
452028
452054
452043
452060
452053
452035
452057
452069
452040
452029
452070
452064
452030
452043
452024
452037
452045
452060
452042
452031
452047
452058
452080
452070
452044
452024
452040
452031
452054
452037
452092
452046
452052
452048
452056
452037
452046
452058
452043
452048
452052
452065
452038
452033
452017
452047
452044
452045
452021
452029
452045
452084
452067
452029
452038
452027
452063
452006
452036
452052
452045
452053
452056
452083
452039
452039
452073
452056
452030
452084
452037
452057
452032
452050
452020
452040
452080
452058
452043
452063
452057
452034
451999
452057
452056
452037
452032
452071
452096
452056
452054
452060
452017
452022
452051
452027
452058
452036
452023
452057
452044
452026
452025
452033
452050
452045
452063
452064
452044
452050
452045
452050
452025
452034
452052
452028
452055
452036
452036
452047
452049
452045
452035
452049
452038
452042
452019
452036
452046
452043
452044
452035
452047
452036
452055
452044
452026
452024
452050
452061
452025
452025
452021
452046
452031
452021
452027
452040
452047
452049
452042
452036
452038
452024
452040
452028
452033
452040
452057
452050
452042
452043
452036
452069
452046
452000
452063
452021
452023
452047
452022
452026
452053
452031
452039
452052
452019
452009
452028
452029
452055
452025
452040
452055
452054
452047
452007
452016
452042
452039
452051
452031
452069
452037
452066
452019
452063
452030
452043
452057
452034
452024
452030
452066
452024
452032
452047
452062
452048
452040
452044
452047
452028
452017
452068
452025
452037
452042
452038
452019
452023
452043
452029
452034
452029
452034
452003
452023
452045
452030
452010
452057
452036
452041
452019
452033
452046
452046
452034
452010
452033
451980
452029
452020
452032
452001
452067
452025
451989
452052
452043
452033
452038
452034
452045
452040
452042
452022
452061
452016
452031
452053
452038
452060
452015
452028
452014
452019
452027
452007
452043
452035
452050
452046
452035
452051
452037
452024
452050
452019
452037
452014
452020
452060
452049
451994
452034
452065
452009
452039
452031
452031
452046
452002
452011
452052
452035
452049
452018
452015
452025
451990
452026
452003
452031
452009
452037
452049
452001
452045
452026
452030
452032
452049
452054
452028
452018
452019
452038
452023
452035
452046
452038
452027
451991
452022
452027
452032
451997
452039
452023
452012
452023
452033
452020
452022
452019
452009
452015
452036
452036
452037
452018
452011
452023
452036
452026
452028
452051
452007
452010
451992
452013
451983
452011
451986
452041
452009
452002
452040
452010
452034
452035
452018
452041
452013
452030
452004
452040
452032
452016
452041
452047
452041
452031
452030
452032
452006
452017
452025
452030
452011
452016
452030
452004
452055
452013
451994
452036
452020
452068
452019
452032
451996
452026
452012
452037
452024
452027
452040
452018
452027
452013
452010
452016
452019
452046
452020
452010
452017
452041
452018
452031
452032
452039
452011
452003
452042
451986
452007
452011
452036
452043
452019
451994
452003
452038
452005
452025
452033
452022
452009
452008
452012
452022
451998
452025
452025
452035
452032
452012
452013
452009
452038
452022
452015
452046
452008
452006
452010
452033
452043
452019
452002
452012
452042
452049
452036
452004
452013
452024
452025
452013
452005
451996
452028
452024
451995
452037
452009
452029
452006
452011
452008
452036
452016
452001
452015
452064
452019
452012
452024
452023
452063
452004
452012
452029
452022
452044
452029
452023
452025
452023
452011
452019
452009
452008
452014
452014
452044
452026
452017
452039
452028
452030
452061
452023
451985
452031
452023
452019
452003
452019
452033
452018
452012
452026
451998
452004
452029
452003
452044
452003
452007
452031
452022
452033
452018
451998
452037
452024
451996
452029
452030
452033
452019
452020
452017
452007
452028
452025
452011
452045
452020
452048
452027
452009
452041
452014
452010
452006
452019
452002
452009
452018
452015
452015
452024
452008
452020
451998
452008
452006
451981
451999
452013
452009
452007
451978
452020
451996
452017
452007
452024
452019
451995
452042
452026
452033
452014
451996
452025
452015
452026
451990
452029
452000
452033
452033
452008
451972
452024
452014
452048
452012
451990
452024
451990
452058
452012
452016
452019
452015
452042
452023
452011
452019
451991
451999
451999
452014
452047
452026
452028
452014
452023
451987
452027
452039
452004
452004
452011
452013
452016
452029
451993
452021
452019
452034
452000
452027
452053
452015
452017
451983
452053
452005
452011
452026
452018
452028
452047
452016
452047
451999
452021
452013
452011
452044
452017
452032
452018
452015
452031
451975
452017
452028
452017
452018
451995
452044
452019
452020
452018
452010
452018
452045
452011
452009
452025
452011
452072
452019
452009
451976
452004
452021
452012
451991
452017
451977
451999
452031
452024
451980
452034
451993
452000
451988
452000
452025
452000
452012
451988
452012
452023
452015
452023
452008
452019
452015
452051
452023
451997
452014
452021
452005
452006
452020
452007
452023
452012
451994
452035
452031
452027
451995
452016
452001
452028
451993
451994
452015
451994
452055
451996
452004
452002
451987
451985
452036
452029
452001
451996
452026
452009
452019
451996
452043
452044
452007
452003
452031
451997
452023
452000
452033
452010
452000
451980
452014
452007
452008
452001
452023
452010
452024
452021
452023
452046
452004
452052
452030
452039
452026
452001
452002
452024
451996
452037
452013
452021
452012
452043
451996
452017
452023
452006
451999
452009
451983
452022
452004
452034
452038
452026
452014
452015
452040
452025
452001
452046
452030
451992
452035
452024
452008
452035
452007
452018
452013
452009
452009
452048
452014
452017
452029
452018
452042
452018
451993
452024
452010
451992
452012
452015
452019
452016
451994
452003
452015
451998
451995
451996
452016
452021
452004
452011
452044
451998
452006
452011
452014
452037
452046
452032
452028
452000
452033
452039
452004
452006
452017
451983
452008
452002
452017
452043
452027
452023
451989
452031
452021
451985
452012
452007
452033
452022
452017
452002
452005
452004
451980
452010
452011
452039
452026
452023
452030
451968
452010
452029
452002
452014
452013
452025
452025
451980
452030
452010
452024
452014
451993
452034
452000
452017
452031
452046
452024
452016
452053
452040
452036
452017
452011
452010
452025
452001
452018
452013
452027
452037
452020
452026
452002
452015
452037
452034
451993
452020
452040
452014
451995
452018
452006
452010
451994
452016
451998
452031
452014
452001
452029
452034
452004
452023
452038
452013
451996
452022
452016
451986
452007
451986
452011
452028
452023
452010
452001
452023
452001
452008
452021
452010
452002
452032
452012
452021
451983
452014
452009
452006
452023
452010
452016
452023
452001
452008
452020
452028
452018
452011
451998
452011
452008
452000
452014
452032
452005
452015
452014
452012
452006
452005
452019
452038
451986
452011
452044
452032
451995
452011
452037
452008
452019
452017
452013
452029
452003
452010
452026
452012
451998
452015
452036
452013
452003
452025
452000
452017
452005
452015
451982
452013
451990
452014
451990
452041
452011
452003
451983
452015
452005
452005
452027
452024
452006
452020
452027
452022
451999
452000
451986
451993
452032
451994
452014
451994
452008
451995
452028
452008
452029
451981
452012
452014
451983
452001
452022
452032
452031
452020
452029
452047
452025
452025
452026
452010
452026
452039
451980
452042
452045
452001
451995
452043
452022
451992
451996
451991
452009
451994
452034
452001
452008
452030
452009
452018
451996
451989
452022
451991
452048
452029
451983
452025
451992
452014
452017
452016
452009
452047
452039
452010
452018
452014
452037
452016
451998
451999
451995
451995
452002
452015
451981
452027
452027
452011
452039
452009
452004
451996
451978
452038
452009
452008
452011
452032
452027
452022
452007
452013
452033
452026
452013
451999
452044
452016
452020
452022
451996
452015
452022
451987
452004
451988
451973
451973
452030
452019
452036
452000
452008
451992
452045
451996
452046
451983
452016
452003
451967
452025
452022
452005
452030
452022
452029
452021
452014
452026
452013
452025
452008
452011
452021
452018
451996
451986
452024
452020
452020
451996
452006
451984
451984
451998
452003
452021
452011
452027
452008
452049
452015
452009
452005
451995
452002
451993
452007
451976
452015
452008
452000
452032
452002
451983
452029
452033
452006
451990
452025
452013
452010
452041
452000
451999
451996
452000
451998
452014
452028
452015
451996
452028
452010
452031
451999
452020
452024
452005
451988
452016
452003
452052
452029
452024
451980
451977
452025
452010
452027
452002
452032
451991
451990
452028
452000
451989
452002
452027
452049
452019
452014
452013
452022
452010
451979
452028
451997
452004
451991
452028
452013
452027
452008
452007
452044
451997
452017
452004
452009
452005
452023
452023
451992
452019
451988
452014
452028
452038
452007
452006
452011
452003
452023
452012
452033
452011
451992
452026
452026
452028
452010
452017
452014
452017
452026
452027
452016
452029
452023
452016
451981
452017
451981
452013
452009
452012
452010
452044
451984
452015
452014
452020
452025
452004
451984
451992
452025
452010
452016
452040
452015
452018
452013
452023
452002
452005
452022
452028
452042
451997
452018
451992
452020
451986
452029
452039
452014
452010
451997
452030
452000
451996
451992
452013
451984
451986
451985
452004
451994
452020
452009
452030
452060
452039
451975
452017
452014
452035
452016
452009
452037
452015
452034
452012
452018
452007
452009
451994
451984
452011
452024
452026
452008
452003
452013
451981
451992
452030
452040
452004
452024
451989
452015
452018
452010
452017
452006
452025
452006
451973
452002
452010
452017
451985
452020
452046
452002
452003
451991
452012
452067
452008
452022
452005
452013
452011
452016
452028
452017
452037
452014
452027
451997
452008
452028
452028
452006
452030
452013
452014
452008
452008
452032
452027
452020
452020
451998
451993
452021
452035
452014
452048
452027
452003
452036
452007
452020
452013
452006
452002
452012
452048
452028
451992
452001
452029
451992
452014
452003
452004
452036
452024
452035
451992
451986
452012
452020
452025
451996
452044
452015
452001
452001
452021
452013
452039
452011
451998
452026
451994
452010
452003
451995
452033
452030
452038
451975
451991
452017
452000
451997
452022
451995
452002
452033
452031
451997
452046
452029
451987
452012
452004
451963
452016
452017
452034
451997
452029
452015
452020
452013
452017
452012
452003
451990
452008
452037
451990
452026
452011
452004
452022
451981
452007
452019
452013
452007
452018
452007
452021
452022
451996
452008
452021
452031
452009
451993
452017
451992
452032
452032
451991
451999
452020
452020
452010
452049
452034
452006
452010
452022
451995
452013
452014
451982
452005
452023
452017
452022
452009
452013
452036
452013
452008
452026
452019
451982
451988
452013
452006
452019
452003
452030
452027
452028
452007
452009
452017
452029
452034
452018
451998
452025
452024
452016
452044
452008
452012
452019
452005
452006
452027
452017
452016
452037
452011
451987
452013
452013
452016
452035
452006
452021
451983
452009
452020
452025
452008
452028
452023
452016
452033
452015
452002
452017
452011
452033
452040
451996
452013
451997
452009
452022
452027
451999
451997
452015
452032
451991
452021
452041
452006
452011
452023
452009
452031
452045
452002
452005
452022
452042
452035
452019
452028
451989
452003
451999
452027
452000
451980
452001
452016
452025
451995
451997
452005
452019
452033
452010
452023
452020
452038
451982
451994
452013
452038
452037
451999
452014
452022
452011
452000
452030
452000
452012
452017
451991
451999
452020
452033
452015
452014
452007
452009
452009
451999
451989
452045
452030
452003
451991
452035
451977
452049
451995
452006
452003
452028
452024
452017
451994
452037
452028
452003
452020
452026
452015
452004
451994
452010
452033
452016
452040
452038
452039
452023
452026
452024
451996
452023
452021
451999
452029
452009
451988
451996
451994
452027
452033
452009
452002
452035
452033
452036
452018
452020
452011
452021
452015
452007
452012
452005
452033
452005
451984
452047
451984
452010
452006
452014
452012
452002
452028
452027
451996
451989
452041
452017
451999
452020
452005
452007
452018
451970
452029
452036
451992
452044
452009
451974
452018
452025
452006
452056
452007
451995
452001
452017
452005
452008
452018
452011
452014
452032
451981
452017
452025
452025
452025
452011
452017
452038
451973
452031
452036
452025
452008
452028
452006
452021
452012
452017
452041
452016
452037
452009
452027
452019
452046
452010
452013
452014
452036
452018
451983
452029
452015
451997
452007
452036
451992
452039
452028
452038
452009
451993
452014
452034
452015
452016
452053
452037
452000
452036
452007
452014
452010
452013
452017
452021
451994
452033
452041
452029
452012
452015
452037
451992
452011
452030
452028
451982
452019
452030
452015
452035
452019
452020
452026
452025
452018
452018
452005
452035
452022
452017
451999
452012
452032
452018
452008
452007
452009
452039
452032
452017
452018
452006
452013
451996
452000
452010
452031
452002
452021
452033
452028
451995
452033
452033
452042
452046
452022
452029
452015
451992
452034
452024
451994
452016
452022
452031
452020
452036
452038
452032
452028
452011
452069
452012
452002
452016
452011
451989
452031
451985
452003
452022
452005
452003
452009
452034
452044
451998
452002
452034
452008
451994
452001
452026
452013
452022
452018
452008
452025
452017
452028
452023
452017
452021
452004
452023
452014
452016
452030
451997
452004
452018
452016
452014
452017
452018
452030
451999
452021
452034
452044
452049
451992
452028
452039
452015
452065
451974
452038
452020
452014
452014
452033
452012
452035
452045
452051
452023
452027
452024
452011
452006
452034
452033
452031
451995
452028
452046
452043
452014
452007
451969
452021
452011
452051
452024
452031
452026
452006
452015
452009
452019
452008
451978
452026
452028
451999
452040
452018
452031
452001
452016
452028
452037
452030
452035
451995
452055
452048
452037
452018
452027
452042
452000
452046
452030
451998
452006
452030
452022
451998
452056
452018
452034
452023
452030
452037
452011
452010
452054
452014
452061
452013
452003
452021
452058
452023
452031
452040
452035
452017
452007
452007
452008
452018
452015
452061
452031
452021
452017
451979
452065
452012
452038
452009
452024
452019
452017
452023
452013
452017
452018
452011
452026
452036
452028
452014
452029
452036
452005
452008
452024
452022
452004
452026
452002
452025
452014
452027
452014
452017
452030
452024
452032
452040
452018
452005
452037
452010
452011
452010
452045
452014
452034
452030
451975
452025
452053
452014
452021
452021
452015
452021
452019
452028
452045
452003
452001
452034
452033
452025
452017
452013
452006
451992
451998
451991
452037
452020
452044
452015
452005
452021
452008
452029
452018
452005
452039
452031
452027
452029
452029
451991
452032
452043
451999
452029
452052
451991
452028
452019
452000
451985
452009
452023
451984
452039
452017
452004
452005
452047
452015
452027
452033
452026
452052
452007
452021
452027
452017
452016
452018
452004
452036
452042
452058
452028
452025
452024
452033
452034
452031
451992
452044
452017
452030
452010
452018
452045
452011
452000
452005
452009
452019
452018
452009
452004
452013
452024
452021
452029
452026
452020
452047
452012
452033
452036
452045
452038
452006
452007
452012
452031
452014
452028
452021
452010
452041
451992
452034
451998
451982
452034
451989
452026
452011
452014
452013
452042
452020
452038
451995
451998
452015
452014
452038
452015
452019
452032
452027
452006
452019
451994
452039
452051
452029
452002
451999
452032
452025
452005
451996
452015
452042
452028
452014
452050
452034
452062
452021
452007
452032
452013
452030
452020
452015
452021
452042
452015
452054
452034
452039
452023
452000
452006
452020
452030
452025
452028
452042
452003
452013
452040
452022
452021
452009
452025
451984
452040
452049
452021
452027
451997
452003
452020
452023
452023
452016
451977
452025
452037
451991
452021
452034
452007
452021
452019
451991
451993
451996
452001
452006
452019
452026
452015
452021
452031
452025
452012
452010
452052
452015
451982
452001
452016
452029
452054
452035
452049
452034
452038
452002
452026
452043
452015
452015
452013
452003
452032
452008
452013
452020
451983
452010
451990
452031
451979
452004
452002
452023
452028
452016
452042
452019
452023
452045
452035
452050
452021
452015
452032
452023
452038
452041
452050
452025
452017
452012
452007
452004
452022
452004
452013
452050
452017
452038
452027
452036
452057
452039
452023
452032
452028
451980
452040
452026
452034
452027
452016
452012
452045
452020
452009
452042
452037
452020
452024
452013
452014
452017
452022
452026
452016
452019
451975
452030
452057
452060
452027
451991
452035
452000
452020
452044
452010
452032
452026
452019
452036
452037
452048
452023
451998
452047
452028
452043
452007
452013
452020
452017
452038
452036
452045
452048
452048
452048
452018
452015
452041
452042
452038
452054
452046
451995
452055
451989
452047
452028
452027
452041
452040
452046
452016
452042
452048
452005
452042
452038
452002
452025
452063
452033
452033
452022
452014
452017
452006
452023
452018
451996
452031
452014
452055
452052
452027
452033
452039
452041
452037
452005
452067
452040
452030
452021
452015
452021
451998
452022
451990
452030
452024
452018
452016
452039
452050
452034
452044
452029
452020
451992
452013
452033
452016
452042
452054
452055
452005
452051
452020
452022
452030
452033
452023
452035
452023
452040
452027
452036
452025
452036
452034
452034
452004
452054
451975
452021
452034
452010
452023
452014
452016
452015
452028
452038
452043
452014
452028
452003
452018
452020
452035
452008
452026
452009
452040
452056
452032
452024
452022
452058
451989
451994
452042
452007
452005
452019
452001
452043
452039
452006
452031
452034
452074
452012
452039
452026
452021
452017
452049
452012
452036
452028
452025
452011
452049
452033
452030
452012
452032
452041
452041
452014
452027
452037
452042
452014
451987
452016
452059
452004
452042
452032
452034
452000
452044
452040
452029
452023
452035
452011
452019
452069
452084
452004
452023
452031
452056
452005
452025
452050
452014
452029
452031
452026
451990
452028
452028
452029
452017
452039
452026
452036
452023
452003
452040
452036
452041
452012
452021
452046
452046
452015
452003
452010
452026
452016
452017
452016
452029
452038
452031
452041
452030
452020
452019
452011
452014
452029
452031
452025
452046
452033
452042
452067
452012
452027
452028
452027
452030
452021
452011
452024
452036
452018
452036
452056
451992
451991
452066
452019
452029
452033
452027
452039
452021
452018
452009
452025
452020
452047
451993
451995
451993
452033
452024
452033
452027
452067
452032
452039
452040
452030
452038
452045
452042
452042
452028
452025
452038
452049
452019
452030
452038
452020
452022
452035
452044
452031
452034
452018
452021
452040
452023
452032
452010
452035
452028
452024
452015
452004
452036
452033
452005
452050
452043
452028
452043
452026
452022
452012
452037
452045
452086
452030
452036
452026
452035
452018
452034
452042
452027
452039
452050
452022
452072
452040
452043
452052
452037
452030
452019
452059
452048
452019
452034
452032
452024
452017
452033
452024
452029
452028
452029
452022
452078
452029
452046
452005
452032
452013
452005
452032
452024
452034
452017
452032
452062
451998
452057
452041
452021
452013
452006
452002
452028
452042
452005
452055
452033
452032
452048
452031
452034
452004
452031
452007
452018
452012
452023
452019
452037
452045
452035
452008
452066
452032
452037
452038
452022
452030
452022
452049
452037
452015
452037
452046
452042
452044
452039
452040
452018
451999
452049
452066
452038
452025
452037
452067
452036
452045
452038
452048
452021
452062
452033
452040
452065
452025
452044
452028
452022
452031
452060
452020
452041
452053
452022
452022
452019
452050
452022
452023
452035
452049
452042
452055
452035
452022
452048
452045
452058
452045
452055
452060
451991
452062
452056
452048
452023
452010
452035
452029
452046
452041
452032
451989
452045
452049
451999
452037
452014
452028
452015
452011
452047
452053
452027
452045
452022
452017
452016
452050
452011
452052
452046
452015
452053
452028
452054
452019
452024
452015
452027
452025
452036
452002
452011
452033
452045
452023
452008
452031
452010
452062
452061
452042
452040
452047
452042
452040
452049
452066
452053
452053
452020
452022
452022
452016
452044
452027
452010
452047
452064
452068
452021
452033
452026
452039
452042
452039
452045
452063
452017
452039
452030
452053
452010
452020
452024
452037
452065
452033
452002
452026
452045
452044
452027
452002
452073
452028
452031
452022
452038
452036
452013
452046
451992
452038
452044
451999
452061
452043
451986
451994
452041
452037
452051
452027
452032
452018
452026
452043
452043
452034
452063
452011
452043
452050
452041
452041
452033
452042
452029
452037
452046
452033
452025
452060
452031
452049
452020
452041
452032
452049
452015
452045
452029
452032
452040
452036
452030
452079
452041
452061
452048
452016
452019
452024
452033
452044
452045
452021
452032
452051
452053
452021
452015
452026
452024
452039
452042
452064
452059
452039
452011
452037
452050
452021
452086
452025
452029
452015
452057
452053
452047
452019
452037
452074
452035
452004
452038
452050
452028
452051
452034
452051
452020
452069
452031
452049
452042
452045
452043
452038
452038
452042
452016
452049
452011
452079
452041
452059
452020
452018
452050
452051
452024
452058
452042
452043
452027
452017
452039
452052
452034
452049
452065
452038
452070
452021
452031
452058
452021
452039
452042
452046
452058
452042
452054
452056
452026
452063
452054
452044
452041
452053
452044
452042
452030
452025
452040
452010
452072
452033
452035
452049
452054
452039
452058
452050
452031
452046
452041
452029
452027
452054
452043
452019
452038
452046
452054
452027
452032
452074
452062
452051
452029
452032
452076
452051
452056
452064
452043
452051
452070
452064
452044
452024
452054
452064
452068
452048
452026
452047
452038
452053
452032
452043
452058
452055
452020
452028
452037
452057
452028
452036
452046
452043
452031
452033
452044
452040
452054
452052
452048
452082
452022
452021
452036
452035
452042
452024
452044
452041
452065
452027
452039
452046
452055
452049
452074
452019
452055
451996
452008
452073
452037
452009
452055
452043
452039
452045
452051
452049
452064
452066
452033
452045
452032
452043
452018
452040
452051
452054
452042
452041
452059
452022
452059
452042
452054
452020
452047
452043
452052
452069
452027
452039
452040
452045
452042
452042
452018
452022
452053
452041
452046
452045
452030
452042
452053
452063
452047
452067
452043
452039
452039
452029
452043
452060
452043
452053
452033
452051
452032
452041
452041
452041
452046
452057
452058
452030
452062
452030
452039
452056
452060
452064
452039
452059
452065
452043
452082
452041
452052
452070
452022
452045
452037
452043
452057
452044
452059
452024
452021
452027
452064
452071
452028
452055
452038
452058
452031
452054
452037
452020
452049
452031
452056
452037
452055
452031
452035
452037
452027
452040
452033
452058
452057
452061
452035
452058
452058
452017
452052
452039
452010
452028
452040
452012
452043
452049
452060
452047
452048
452093
452066
452046
452065
452045
452039
452046
452040
452055
452055
452047
452048
452040
452048
452056
452044
452048
452060
452064
452046
452025
452064
452063
452045
452062
452037
452076
452034
452071
452063
452048
452053
452039
452086
452026
452052
452058
452033
452055
452065
452037
452048
452068
452036
452044
452041
452044
452045
452046
452033
452074
452069
452053
452060
452043
452033
452048
452029
452047
452063
452036
452035
452032
452064
452057
452075
452044
452096
452053
452056
452051
452048
452052
452074
452048
452025
452047
452065
452048
452054
452046
452049
452082
452076
452055
452090
452058
452065
452078
452036
452041
452066
452061
452054
452032
452051
452055
452088
452058
452043
452073
452041
452060
452069
452050
452036
452025
452053
452015
452064
452039
452047
452058
452055
452045
452041
452058
452029
452056
452065
452052
452037
452054
452067
452014
452058
452056
452055
452028
452046
452040
452071
452050
452068
452050
452064
452031
452051
452074
452045
452041
452031
452064
452064
452053
452062
452043
452047
452066
452046
452072
452033
452049
452047
452073
452062
452007
452047
452034
452053
452056
452060
452063
452064
452074
452066
452051
452043
452076
452081
452063
452044
452054
452065
452051
452040
452075
452069
452086
452073
452070
452072
452046
452063
452054
452065
452068
452050
452052
452060
452042
452049
452037
452063
452048
452044
452048
452060
452053
452047
452066
452055
452052
452073
452037
452064
452034
452036
452050
452053
452059
452019
452075
452059
452041
452058
452064
452060
452059
452057
452023
452047
452089
452056
452076
452058
452074
452028
452076
452057
452062
452058
452031
452041
452056
452046
452067
452091
452058
452063
452046
452078
452061
452082
452065
452044
452057
452063
452063
452075
452081
452068
452054
452049
452066
452053
452026
452082
452046
452047
452062
452057
452077
452044
452043
452079
452054
452058
452088
452078
452067
452045
452035
452038
452057
452048
452051
452041
452054
452053
452044
452047
452015
452075
452051
452046
452054
452081
452071
452089
452061
452073
452037
452093
452073
452063
452070
452057
452046
452049
452034
452084
452069
452041
452056
452066
452048
452093
452022
452064
452068
452049
452046
452028
452075
452066
452021
452075
452063
452051
452060
452075
452066
452051
452086
452066
452068
452062
452072
452065
452066
452061
452065
452042
452056
452095
452044
452066
452096
452042
452065
452065
452060
452079
452049
452054
452041
452048
452090
452049
452082
452051
452062
452077
452059
452068
452081
452057
452110
452062
452086
452054
452100
452077
452041
452076
452071
452060
452081
452086
452094
452039
452061
452089
452071
452080
452086
452047
452051
452066
452058
452108
452040
452041
452093
452072
452091
452074
452042
452093
452056
452065
452066
452094
452068
452065
452064
452077
452092
452067
452072
452080
452060
452063
452050
452051
452079
452089
452096
452059
452076
452069
452074
452071
452068
452056
452059
452079
452056
452082
452041
452034
452074
452048
452092
452052
452059
452052
452087
452096
452081
452063
452099
452057
452035
452052
452063
452070
452047
452065
452076
452062
452074
452078
452060
452072
452063
452090
452062
452068
452074
452082
452103
452080
452065
452059
452093
452086
452054
452079
452077
452065
452043
452061
452093
452057
452075
452064
452072
452087
452047
452066
452073
452040
452050
452069
452065
452074
452067
452046
452061
452073
452070
452082
452057
452078
452080
452071
452051
452037
452074
452067
452073
452075
452082
452062
452065
452064
452069
452056
452055
452078
452066
452092
452053
452062
452076
452068
452080
452085
452049
452081
452082
452097
452081
452068
452059
452080
452049
452042
452071
452063
452080
452089
452079
452070
452071
452064
452069
452045
452071
452068
452092
452072
452046
452079
452100
452043
452092
452109
452046
452076
452065
452074
452057
452073
452025
452053
452093
452073
452096
452081
452087
452079
452088
452094
452095
452075
452067
452036
452040
452062
452072
452080
452078
452055
452054
452080
452052
452119
452071
452075
452072
452067
452103
452048
452051
452079
452096
452070
452045
452062
452063
452065
452078
452083
452050
452063
452069
452063
452064
452078
452060
452064
452071
452068
452067
452071
452083
452098
452063
452078
452059
452045
452062
452069
452106
452102
452091
452081
452086
452056
452077
452105
452080
452055
452086
452073
452082
452087
452106
452121
452068
452081
452094
452090
452074
452076
452114
452073
452086
452063
452072
452088
452045
452092
452077
452048
452055
452061
452057
452097
452066
452085
452093
452112
452059
452048
452055
452106
452074
452074
452068
452056
452109
452069
452076
452083
452067
452068
452069
452066
452090
452063
452084
452080
452060
452077
452087
452058
452095
452066
452077
452077
452093
452068
452088
452095
452090
452084
452074
452091
452078
452047
452110
452064
452112
452082
452080
452055
452089
452075
452048
452071
452087
452096
452103
452057
452080
452078
452054
452091
452079
452085
452087
452091
452069
452065
452073
452093
452077
452055
452055
452071
452080
452104
452087
452087
452069
452093
452079
452092
452075
452101
452083
452082
452079
452080
452106
452079
452069
452095
452091
452084
452068
452080
452083
452100
452043
452083
452078
452079
452097
452089
452106
452095
452122
452100
452096
452104
452077
452060
452104
452056
452110
452093
452078
452061
452088
452102
452063
452097
452085
452075
452073
452061
452090
452083
452071
452075
452099
452088
452083
452106
452086
452090
452087
452096
452099
452092
452104
452072
452067
452089
452087
452079
452088
452067
452072
452074
452096
452085
452084
452077
452084
452098
452102
452084
452074
452087
452105
452088
452076
452100
452069
452075
452087
452098
452113
452092
452080
452087
452076
452091
452101
452073
452049
452060
452091
452080
452094
452090
452108
452115
452097
452092
452097
452073
452119
452062
452088
452096
452077
452100
452097
452059
452101
452084
452091
452087
452081
452062
452077
452087
452117
452096
452069
452066
452072
452101
452072
452098
452052
452093
452077
452088
452084
452087
452105
452087
452109
452092
452109
452076
452098
452099
452078
452095
452111
452105
452070
452107
452088
452088
452097
452082
452112
452120
452101
452071
452053
452104
452098
452090
452099
452092
452075
452088
452081
452092
452102
452076
452099
452083
452080
452104
452104
452087
452104
452075
452100
452085
452105
452073
452090
452101
452100
452109
452099
452095
452086
452072
452083
452085
452098
452107
452074
452074
452088
452081
452089
452055
452085
452079
452107
452088
452087
452104
452092
452077
452082
452101
452075
452088
452113
452092
452099
452103
452099
452122
452092
452103
452104
452086
452098
452086
452106
452111
452090
452084
452092
452094
452089
452096
452094
452090
452107
452100
452105
452114
452086
452099
452070
452084
452102
452108
452061
452093
452100
452068
452102
452096
452066
452103
452083
452099
452102
452107
452091
452080
452086
452097
452068
452079
452075
452076
452074
452081
452099
452099
452063
452105
452092
452084
452063
452105
452083
452125
452113
452088
452113
452091
452105
452077
452101
452100
452080
452098
452093
452105
452084
452074
452104
452098
452095
452107
452097
452106
452093
452113
452111
452091
452094
452092
452123
452083
452087
452097
452084
452068
452096
452106
452097
452087
452088
452108
452108
452098
452111
452098
452112
452080
452102
452076
452093
452077
452099
452107
452112
452097
452105
452080
452085
452090
452075
452084
452116
452087
452102
452088
452121
452066
452083
452095
452103
452089
452132
452075
452077
452110
452109
452083
452111
452094
452101
452103
452084
452104
452102
452143
452111
452119
452073
452074
452096
452081
452122
452109
452110
452090
452097
452088
452085
452097
452116
452104
452102
452099
452085
452051
452118
452077
452108
452129
452125
452086
452085
452084
452109
452094
452102
452110
452093
452107
452105
452088
452091
452101
452098
452098
452094
452105
452093
452083
452086
452093
452099
452085
452117
452117
452087
452078
452118
452089
452099
452093
452072
452113
452090
452110
452104
452085
452105
452079
452095
452097
452083
452107
452106
452093
452101
452070
452099
452119
452104
452070
452123
452098
452100
452069
452100
452116
452088
452105
452100
452079
452074
452070
452122
452122
452123
452099
452099
452109
452089
452087
452095
452125
452098
452110
452108
452084
452111
452098
452083
452103
452120
452125
452100
452111
452096
452098
452110
452118
452095
452088
452102
452107
452100
452108
452086
452122
452097
452090
452085
452061
452107
452089
452091
452087
452107
452127
452082
452134
452074
452074
452132
452087
452104
452102
452074
452083
452104
452086
452102
452116
452109
452089
452094
452100
452114
452082
452083
452090
452112
452107
452108
452093
452081
452081
452090
452101
452092
452110
452099
452120
452095
452086
452079
452114
452126
452113
452094
452100
452095
452114
452065
452057
452111
452104
452103
452111
452119
452092
452117
452087
452037
452073
452078
452072
452088
452073
452079
452103
452106
452123
452099
452107
452122
452113
452102
452131
452102
452113
452109
452079
452107
452042
452068
452118
452071
452079
452091
452082
452111
452100
452084
452063
452110
452099
452112
452098
452117
452101
452111
452059
452088
452088
452098
452095
452090
452112
452094
452114
452086
452077
452082
452104
452104
452105
452092
452079
452123
452110
452091
452153
452097
452122
452117
452089
452125
452091
452082
452105
452118
452096
452081
452082
452109
452068
452086
452085
452099
452108
452091
452112
452102
452105
452092
452103
452108
452083
452115
452093
452117
452087
452105
452095
452114
452115
452107
452128
452080
452065
452117
452127
452086
452110
452122
452106
452112
452082
452087
452111
452113
452074
452133
452079
452102
452079
452071
452134
452118
452100
452081
452112
452108
452105
452109
452090
452109
452150
452095
452074
452080
452074
452128
452097
452136
452065
452103
452104
452068
452088
452118
452118
452084
452103
452095
452091
452119
452121
452097
452086
452098
452083
452088
452142
452101
452096
452104
452106
452126
452113
452096
452120
452135
452094
452092
452099
452118
452096
452094
452099
452116
452082
452107
452103
452079
452128
452099
452088
452111
452098
452105
452087
452092
452122
452105
452103
452073
452072
452106
452093
452095
452076
452112
452089
452083
452113
452102
452103
452108
452134
452080
452097
452121
452089
452100
452085
452087
452119
452117
452104
452147
452104
452102
452094
452079
452104
452095
452107
452155
452126
452103
452097
452084
452123
452114
452112
452126
452107
452111
452132
452081
452104
452132
452122
452089
452081
452088
452081
452100
452116
452101
452099
452059
452085
452087
452077
452135
452082
452103
452084
452105
452100
452096
452126
452098
452094
452104
452103
452103
452086
452066
452094
452112
452076
452105
452081
452078
452100
452145
452106
452102
452099
452137
452105
452095
452130
452082
452101
452091
452083
452094
452104
452084
452122
452095
452082
452062
452094
452143
452094
452105
452108
452114
452116
452077
452119
452120
452115
452115
452114
452097
452060
452090
452074
452098
452082
452101
452096
452114
452110
452096
452109
452070
452111
452080
452119
452120
452111
452072
452112
452097
452080
452142
452075
452084
452097
452096
452109
452126
452114
452101
452133
452124
452095
452098
452092
452094
452079
452103
452096
452116
452085
452101
452106
452105
452123
452093
452109
452070
452121
452107
452112
452095
452090
452089
452093
452097
452119
452097
452100
452142
452080
452091
452121
452107
452101
452048
452071
452085
452107
452122
452102
452124
452086
452102
452109
452109
452105
452112
452095
452108
452101
452109
452078
452131
452106
452126
452123
452099
452073
452133
452118
452103
452106
452128
452107
452047
452112
452087
452068
452120
452069
452096
452125
452124
452062
452111
452132
452111
452088
452072
452108
452102
452108
452099
452094
452078
452081
452070
452104
452076
452118
452106
452080
452080
452103
452116
452121
452103
452124
452120
452093
452089
452105
452108
452106
452095
452107
452100
452090
452069
452093
452106
452107
452074
452122
452107
452106
452096
452110
452089
452105
452106
452086
452093
452111
452078
452096
452069
452065
452088
452134
452112
452103
452090
452104
452083
452081
452124
452100
452095
452115
452082
452101
452109
452118
452088
452101
452083
452089
452112
452108
452063
452099
452100
452098
452060
452068
452082
452098
452089
452104
452086
452111
452075
452111
452076
452117
452108
452112
452104
452102
452105
452089
452096
452117
452089
452085
452101
452094
452116
452117
452118
452111
452105
452119
452106
452088
452065
452094
452100
452085
452115
452083
452110
452082
452092
452119
452080
452103
452109
452116
452098
452106
452109
452098
452093
452094
452088
452069
452119
452090
452094
452062
452112
452117
452109
452098
452118
452099
452097
452106
452067
452111
452092
452088
452087
452103
452112
452089
452105
452093
452101
452106
452093
452108
452095
452084
452097
452111
452090
452079
452110
452098
452109
452082
452100
452128
452121
452103
452083
452123
452106
452086
452101
452126
452116
452108
452104
452100
452078
452123
452091
452087
452087
452102
452087
452079
452111
452124
452121
452121
452095
452120
452107
452099
452108
452099
452067
452104
452091
452081
452119
452085
452092
452101
452106
452111
452105
452115
452100
452073
452107
452080
452091
452113
452099
452101
452078
452118
452120
452094
452097
452102
452075
452101
452098
452091
452089
452138
452113
452117
452096
452099
452124
452102
452104
452107
452125
452129
452104
452088
452105
452124
452118
452100
452091
452082
452080
452120
452097
452112
452103
452114
452080
452137
452084
452089
452085
452114
452119
452088
452112
452111
452089
452083
452121
452107
452119
452116
452106
452087
452094
452094
452094
452139
452082
452118
452115
452094
452136
452071
452098
452102
452090
452087
452137
452093
452108
452100
452079
452106
452117
452074
452143
452086
452129
452110
452113
452111
452089
452116
452111
452089
452077
452096
452095
452099
452122
452119
452096
452075
452101
452071
452092
452149
452062
452114
452127
452091
452108
452103
452117
452122
452097
452079
452134
452072
452113
452108
452093
452116
452094
452094
452121
452128
452120
452134
452086
452114
452106
452110
452118
452130
452103
452092
452118
452097
452151
452159
452091
452087
452080
452098
452113
452105
452092
452139
452115
452128
452095
452083
452101
452103
452113
452125
452110
452081
452122
452100
452125
452125
452108
452118
452099
452077
452114
452080
452094
452103
452128
452136
452114
452105
452123
452101
452098
452112
452124
452085
452073
452079
452091
452152
452109
452131
452110
452101
452094
452110
452143
452082
452121
452089
452119
452140
452110
452122
452118
452102
452113
452074
452104
452113
452111
452100
452102
452111
452086
452091
452098
452119
452090
452079
452127
452113
452122
452108
452127
452116
452093
452076
452125
452118
452125
452128
452119
452097
452129
452122
452101
452103
452093
452125
452117
452086
452108
452085
452101
452117
452125
452090
452112
452102
452096
452134
452128
452150
452121
452112
452114
452147
452095
452106
452082
452081
452108
452091
452092
452096
452114
452084
452099
452089
452093
452098
452103
452097
452119
452098
452138
452074
452101
452113
452119
452128
452145
452088
452111
452094
452125
452109
452101
452109
452107
452094
452110
452088
452128
452103
452104
452124
452099
452099
452112
452103
452062
452096
452100
452123
452098
452120
452121
452089
452107
452089
452082
452095
452140
452094
452112
452119
452115
452083
452074
452129
452122
452107
452094
452115
452101
452103
452090
452101
452092
452123
452098
452097
452122
452102
452093
452131
452106
452093
452108
452108
452074
452097
452097
452109
452088
452111
452110
452055
452110
452111
452140
452113
452113
452108
452084
452099
452090
452094
452118
452132
452155
452074
452094
452109
452104
452130
452103
452135
452098
452122
452140
452101
452115
452161
452122
452118
452098
452116
452094
452067
452089
452101
452124
452122
452083
452107
452112
452113
452110
452114
452107
452073
452111
452106
452107
452070
452086
452136
452127
452114
452099
452101
452099
452080
452107
452100
452123
452102
452105
452138
452090
452153
452115
452135
452113
452111
452106
452104
452123
452125
452126
452120
452099
452120
452106
452109
452105
452088
452078
452075
452144
452100
452097
452096
452127
452115
452110
452136
452110
452107
452091
452101
452115
452098
452133
452101
452134
452125
452099
452091
452088
452115
452134
452078
452138
452088
452122
452113
452133
452123
452097
452092
452091
452107
452083
452119
452099
452142
452136
452100
452111
452110
452122
452115
452125
452092
452087
452099
452096
452123
452118
452088
452128
452100
452081
452097
452095
452097
452130
452136
452128
452097
452111
452121
452115
452128
452089
452115
452103
452104
452104
452114
452082
452137
452088
452084
452088
452103
452116
452125
452115
452107
452113
452104
452105
452104
452129
452098
452119
452120
452130
452113
452096
452072
452091
452115
452114
452105
452098
452104
452119
452082
452125
452103
452106
452102
452124
452123
452100
452113
452082
452085
452110
452126
452094
452077
452102
452096
452106
452139
452131
452108
452091
452120
452089
452119
452114
452083
452103
452123
452090
452109
452110
452114
452095
452118
452112
452057
452108
452103
452104
452133
452108
452127
452134
452126
452122
452096
452086
452117
452080
452086
452113
452104
452100
452084
452093
452105
452091
452097
452105
452127
452099
452099
452123
452124
452103
452114
452112
452101
452080
452109
452087
452076
452126
452117
452094
452115
452106
452116
452133
452115
452097
452103
452087
452087
452131
452086
452100
452098
452091
452087
452109
452131
452086
452091
452093
452110
452110
452115
452105
452112
452126
452094
452124
452071
452097
452105
452071
452111
452124
452121
452105
452118
452087
452098
452113
452099
452088
452137
452132
452098
452104
452107
452070
452101
452133
452089
452085
452067
452111
452098
452113
452075
452089
452128
452087
452103
452137
452086
452104
452104
452106
452116
452084
452113
452144
452106
452114
452104
452100
452073
452086
452102
452143
452105
452111
452124
452120
452127
452108
452092
452103
452085
452067
452088
452130
452104
452124
452086
452073
452110
452110
452097
452137
452110
452082
452073
452084
452112
452096
452099
452117
452119
452094
452100
452136
452078
452129
452093
452101
452122
452090
452105
452096
452117
452111
452118
452084
452117
452078
452099
452097
452086
452122
452103
452090
452101
452175
452108
452072
452121
452094
452119
452103
452102
452122
452102
452098
452106
452081
452115
452110
452111
452124
452072
452115
452096
452112
452069
452127
452088
452106
452112
452099
452117
452087
452111
452089
452092
452151
452091
452072
452126
452100
452082
452096
452114
452097
452113
452091
452108
452133
452124
452145
452111
452090
452119
452127
452114
452080
452097
452127
452092
452079
452137
452098
452125
452088
452122
452085
452108
452088
452103
452096
452092
452117
452097
452121
452125
452098
452107
452128
452126
452107
452094
452077
452126
452113
452127
452103
452089
452099
452114
452107
452095
452127
452101
452112
452088
452108
452099
452086
452116
452108
452099
452113
452100
452081
452084
452092
452101
452088
452089
452076
452104
452092
452088
452113
452090
452106
452090
452110
452134
452115
452078
452107
452074
452099
452082
452103
452100
452087
452108
452100
452074
452082
452134
452140
452113
452072
452109
452150
452110
452124
452090
452099
452112
452102
452093
452105
452108
452092
452108
452137
452089
452095
452097
452107
452100
452090
452125
452088
452109
452080
452109
452094
452107
452099
452111
452112
452092
452084
452140
452099
452104
452093
452106
452085
452109
452098
452101
452081
452126
452090
452086
452113
452088
452088
452111
452109
452110
452121
452094
452125
452091
452102
452084
452111
452101
452112
452099
452127
452085
452106
452057
452108
452107
452136
452128
452133
452105
452100
452095
452127
452111
452127
452083
452143
452127
452121
452096
452092
452099
452102
452114
452083
452117
452102
452095
452091
452094
452105
452112
452124
452093
452083
452077
452068
452100
452109
452102
452078
452081
452124
452134
452109
452084
452104
452103
452120
452056
452113
452092
452110
452058
452084
452084
452140
452126
452101
452118
452104
452127
452133
452093
452094
452110
452121
452115
452111
452095
452070
452121
452068
452103
452086
452084
452103
452087
452104
452087
452078
452112
452094
452083
452093
452150
452084
452095
452085
452123
452105
452090
452118
452094
452134
452112
452096
452112
452140
452110
452104
452115
452107
452095
452121
452153
452102
452108
452083
452101
452113
452118
452106
452080
452094
452116
452113
452080
452148
452080
452103
452072
452118
452124
452112
452077
452118
452141
452088
452091
452100
452115
452128
452080
452088
452099
452091
452071
452098
452123
452110
452113
452137
452107
452105
452092
452098
452136
452069
452116
452119
452091
452092
452112
452115
452084
452133
452120
452122
452089
452095
452127
452106
452099
452093
452107
452091
452129
452118
452099
452107
452106
452114
452120
452100
452106
452091
452077
452135
452106
452086
452104
452111
452083
452112
452114
452072
452115
452111
452098
452119
452105
452115
452101
452085
452116
452096
452101
452105
452107
452099
452110
452090
452110
452085
452102
452125
452119
452119
452135
452106
452124
452095
452105
452084
452095
452087
452081
452079
452085
452082
452088
452088
452118
452116
452128
452114
452099
452099
452111
452092
452100
452071
452061
452121
452097
452091
452110
452092
452090
452060
452123
452092
452120
452085
452087
452092
452091
452076
452111
452098
452115
452096
452101
452079
452127
452072
452098
452094
452102
452111
452113
452091
452117
452121
452100
452104
452092
452120
452083
452097
452103
452100
452091
452118
452096
452107
452092
452113
452106
452106
452095
452086
452117
452092
452086
452100
452131
452116
452119
452121
452093
452075
452115
452136
452083
452108
452099
452122
452113
452107
452117
452094
452068
452116
452129
452078
452126
452101
452102
452124
452105
452120
452103
452104
452122
452070
452112
452080
452120
452097
452120
452074
452104
452098
452110
452102
452113
452089
452110
452131
452085
452105
452081
452094
452106
452112
452087
452071
452128
452126
452124
452114
452091
452116
452108
452098
452099
452076
452094
452100
452117
452082
452099
452106
452130
452095
452098
452092
452088
452085
452088
452103
452071
452090
452108
452110
452087
452079
452117
452134
452064
452091
452070
452106
452102
452112
452101
452115
452103
452085
452099
452105
452109
452089
452060
452114
452116
452093
452098
452070
452103
452079
452111
452117
452115
452123
452090
452121
452092
452091
452064
452118
452072
452067
452131
452071
452076
452118
452095
452126
452101
452082
452111
452120
452110
452114
452109
452115
452105
452085
452089
452076
452102
452128
452100
452100
452114
452091
452110
452086
452100
452075
452121
452108
452118
452094
452124
452087
452106
452104
452100
452145
452097
452103
452100
452105
452129
452086
452101
452119
452098
452100
452140
452103
452169
452100
452057
452127
452111
452114
452103
452105
452092
452102
452094
452111
452089
452085
452087
452122
452094
452093
452071
452093
452101
452084
452085
452111
452117
452128
452129
452110
452159
452104
452086
452101
452105
452096
452092
452081
452096
452099
452092
452110
452133
452110
452078
452105
452139
452122
452095
452120
452099
452113
452086
452127
452079
452106
452062
452080
452092
452096
452097
452095
452140
452063
452102
452094
452094
452083
452108
452091
452079
452111
452089
452155
452134
452093
452121
452115
452121
452116
452116
452097
452086
452093
452104
452107
452107
452118
452105
452114
452098
452116
452097
452135
452130
452087
452106
452073
452090
452106
452106
452095
452103
452103
452084
452133
452103
452114
452099
452118
452117
452144
452125
452107
452077
452107
452082
452091
452099
452126
452108
452124
452107
452077
452102
452104
452073
452129
452099
452102
452107
452096
452080
452120
452075
452084
452117
452063
452104
452080
452099
452103
452081
452155
452096
452111
452099
452108
452092
452107
452095
452082
452109
452101
452115
452088
452072
452079
452101
452115
452070
452111
452083
452115
452094
452118
452087
452115
452099
452113
452089
452085
452087
452082
452104
452091
452099
452103
452068
452084
452106
452114
452109
452125
452115
452095
452099
452087
452083
452082
452098
452125
452122
452135
452119
452107
452096
452109
452102
452108
452101
452104
452117
452106
452077
452097
452114
452117
452103
452102
452112
452090
452106
452099
452123
452093
452082
452088
452102
452090
452103
452082
452104
452104
452083
452089
452092
452079
452110
452104
452112
452086
452088
452117
452105
452105
452128
452099
452136
452092
452112
452090
452134
452109
452103
452129
452091
452106
452097
452112
452103
452101
452103
452081
452112
452110
452099
452112
452091
452092
452129
452118
452145
452115
452114
452080
452082
452127
452075
452097
452111
452088
452089
452134
452109
452088
452088
452087
452125
452114
452101
452098
452100
452097
452126
452095
452101
452107
452081
452105
452105
452114
452110
452103
452143
452112
452098
452126
452120
452111
452102
452106
452163
452137
452101
452122
452096
452114
452109
452077
452129
452118
452103
452101
452123
452105
452085
452110
452129
452072
452127
452116
452093
452125
452124
452148
452105
452077
452103
452087
452107
452098
452123
452095
452072
452110
452139
452106
452138
452110
452081
452095
452100
452110
452083
452117
452122
452079
452102
452109
452061
452122
452090
452089
452127
452107
452119
452113
452149
452129
452092
452107
452122
452099
452121
452110
452115
452092
452072
452099
452100
452115
452071
452131
452108
452112
452119
452096
452085
452097
452113
452108
452101
452117
452126
452142
452089
452096
452112
452090
452098
452114
452101
452120
452097
452086
452128
452094
452120
452103
452089
452088
452083
452104
452104
452101
452086
452098
452088
452107
452102
452112
452103
452112
452145
452113
452133
452122
452104
452128
452096
452137
452085
452125
452103
452086
452082
452092
452118
452088
452084
452116
452087
452091
452093
452096
452123
452129
452112
452085
452132
452109
452128
452124
452113
452129
452102
452107
452086
452120
452116
452109
452108
452110
452085
452116
452091
452111
452121
452124
452132
452104
452136
452119
452171
452116
452084
452082
452123
452135
452082
452111
452096
452119
452136
452102
452106
452092
452134
452108
452097
452101
452109
452131
452123
452094
452097
452113
452086
452096
452126
452118
452084
452104
452078
452144
452118
452137
452130
452097
452120
452110
452099
452093
452122
452153
452084
452123
452132
452088
452112
452119
452103
452090
452113
452089
452125
452092
452104
452083
452102
452111
452119
452125
452079
452097
452115
452100
452096
452116
452078
452096
452090
452093
452099
452108
452131
452111
452106
452079
452111
452145
452091
452086
452114
452102
452086
452080
452104
452094
452090
452112
452075
452109
452088
452080
452091
452123
452119
452109
452121
452112
452111
452072
452122
452135
452101
452111
452089
452117
452118
452120
452118
452095
452090
452120
452106
452119
452145
452107
452106
452100
452097
452123
452085
452104
452100
452088
452107
452075
452108
452106
452108
452108
452101
452108
452116
452083
452117
452079
452153
452106
452116
452099
452107
452098
452104
452114
452086
452073
452094
452122
452105
452111
452100
452106
452106
452149
452092
452092
452081
452140
452118
452140
452090
452080
452113
452112
452099
452095
452133
452074
452088
452098
452118
452098
452081
452120
452126
452115
452102
452103
452087
452120
452088
452120
452105
452108
452121
452091
452078
452094
452121
452079
452090
452087
452118
452106
452080
452113
452122
452103
452113
452101
452078
452122
452092
452091
452112
452131
452128
452104
452073
452112
452103
452098
452091
452095
452140
452137
452115
452110
452108
452111
452109
452125
452122
452126
452104
452117
452104
452100
452081
452099
452096
452126
452122
452132
452082
452088
452127
452123
452095
452125
452110
452080
452115
452120
452108
452145
452117
452091
452107
452108
452092
452121
452126
452128
452097
452108
452099
452097
452130
452095
452136
452079
452118
452085
452097
452112
452129
452093
452079
452114
452081
452137
452152
452106
452117
452096
452113
452109
452089
452087
452116
452088
452110
452109
452070
452087
452105
452116
452116
452122
452086
452077
452110
452076
452091
452099
452106
452110
452093
452114
452080
452096
452130
452111
452103
452099
452106
452100
452093
452088
452079
452105
452115
452123
452072
452110
452123
452110
452119
452118
452085
452127
452129
452104
452100
452069
452115
452092
452125
452086
452119
452083
452105
452101
452099
452097
452105
452105
452108
452123
452099
452135
452128
452091
452113
452103
452106
452099
452110
452118
452131
452141
452140
452095
452086
452109
452100
452141
452105
452105
452130
452093
452100
452075
452102
452124
452131
452118
452118
452095
452108
452091
452073
452122
452094
452096
452085
452083
452090
452096
452084
452141
452080
452125
452105
452081
452106
452111
452098
452098
452106
452118
452083
452103
452104
452090
452117
452088
452100
452101
452096
452143
452097
452097
452079
452101
452119
452098
452078
452122
452083
452137
452121
452096
452132
452133
452095
452096
452123
452099
452097
452086
452111
452080
452104
452112
452100
452123
452095
452096
452101
452094
452070
452099
452116
452131
452131
452113
452085
452099
452118
452089
452092
452117
452087
452111
452109
452106
452120
452087
452109
452095
452127
452091
452112
452092
452096
452100
452124
452116
452092
452134
452060
452088
452118
452111
452111
452105
452094
452072
452071
452097
452113
452106
452115
452106
452099
452090
452097
452149
452114
452143
452131
452118
452084
452113
452073
452092
452103
452082
452100
452078
452093
452079
452131
452117
452094
452099
452146
452074
452095
452114
452123
452116
452106
452087
452110
452094
452079
452108
452104
452101
452121
452120
452133
452126
452095
452112
452085
452103
452106
452090
452091
452101
452115
452107
452131
452095
452128
452078
452111
452094
452088
452063
452111
452090
452097
452112
452091
452099
452092
452089
452126
452104
452074
452125
452119
452088
452080
452098
452089
452111
452086
452103
452076
452119
452096
452083
452121
452099
452087
452113
452110
452087
452110
452106
452063
452106
452093
452127
452147
452144
452108
452122
452112
452126
452077
452082
452093
452077
452097
452103
452105
452133
452118
452090
452065
452102
452102
452083
452123
452107
452116
452127
452083
452128
452140
452086
452123
452113
452103
452109
452098
452099
452105
452082
452083
452102
452099
452115
452122
452105
452099
452118
452089
452111
452107
452099
452104
452136
452121
452087
452116
452087
452112
452105
452096
452091
452086
452102
452075
452122
452068
452091
452092
452074
452101
452140
452108
452095
452113
452093
452126
452107
452094
452104
452091
452069
452090
452118
452112
452110
452101
452081
452106
452133
452084
452112
452075
452102
452089
452105
452096
452087
452085
452089
452105
452079
452096
452112
452090
452117
452123
452089
452123
452100
452094
452084
452073
452085
452101
452075
452092
452156
452101
452107
452069
452097
452099
452114
452081
452094
452105
452124
452109
452126
452075
452123
452103
452101
452122
452117
452093
452098
452126
452096
452082
452114
452133
452055
452093
452124
452104
452087
452117
452122
452081
452106
452063
452145
452095
452086
452104
452104
452080
452075
452087
452086
452125
452130
452064
452125
452103
452135
452101
452079
452099
452107
452089
452062
452102
452103
452094
452095
452063
452091
452116
452092
452083
452093
452107
452123
452123
452079
452100
452079
452079
452132
452120
452122
452114
452088
452081
452098
452107
452110
452093
452099
452100
452127
452119
452091
452129
452084
452066
452147
452138
452106
452091
452077
452096
452122
452082
452088
452123
452120
452109
452085
452087
452127
452090
452091
452080
452071
452088
452102
452070
452072
452080
452090
452055
452110
452100
452113
452089
452111
452099
452088
452088
452099
452098
452127
452124
452073
452092
452091
452091
452091
452110
452124
452104
452130
452091
452061
452118
452072
452083
452090
452094
452107
452072
452091
452107
452080
452082
452105
452109
452119
452081
452086
452078
452118
452079
452139
452086
452085
452098
452079
452115
452147
452103
452073
452110
452095
452081
452077
452097
452112
452102
452069
452121
452094
452096
452099
452119
452070
452116
452107
452132
452079
452102
452093
452070
452068
452098
452115
452144
452093
452100
452116
452094
452105
452091
452092
452101
452117
452108
452122
452085
452122
452128
452126
452114
452096
452083
452097
452073
452074
452097
452094
452091
452106
452091
452109
452046
452115
452078
452066
452086
452118
452090
452080
452100
452069
452108
452089
452075
452090
452082
452105
452078
452130
452098
452090
452072
452084
452114
452112
452109
452091
452097
452068
452078
452053
452054
452075
452076
452079
452062
452086
452113
452073
452087
452091
452108
452065
452075
452092
452091
452113
452073
452104
452082
452076
452076
452100
452089
452075
452113
452100
452075
452092
452089
452107
452069
452077
452080
452115
452094
452075
452105
452093
452084
452090
452063
452061
452085
452124
452104
452110
452099
452089
452077
452089
452098
452056
452085
452101
452086
452095
452067
452082
452078
452093
452089
452120
452081
452085
452055
452077
452079
452086
452088
452036
452114
452116
452085
452079
452107
452085
452072
452097
452080
452103
452088
452103
452097
452073
452093
452105
452102
452092
452062
452111
452083
452072
452084
452131
452083
452098
452085
452109
452059
452092
452081
452077
452076
452074
452037
452088
452067
452074
452074
452106
452071
452068
452094
452086
452043
452124
452079
452090
452096
452089
452106
452081
452117
452060
452081
452075
452094
452099
452109
452101
452089
452074
452113
452094
452090
452073
452079
452145
